,target_1_1,target_1_2,target_1_3,target_1_4,target_1_5,target_2_1,target_2_2,target_2_3,target_2_4,target_2_5,target_2_6,target_2_7,target_2_8,target_3_1,target_3_2,target_3_3,target_3_4,target_3_5,target_4_1,target_5_1,target_5_2,target_6_1,target_6_2,target_6_3,target_6_4,target_6_5,target_7_1,target_7_2,target_7_3,target_8_1,target_8_2,target_8_3,target_9_1,target_9_2,target_9_3,target_9_4,target_9_5,target_9_6,target_9_7,target_9_8,target_10_1
target_1_1,1.0,-0.001959084836233675,0.004101657118014131,0.04608740989587969,0.0014311123435374296,-0.0011384170577936467,-0.007495379522995394,-0.0031150170497763452,0.0018172804624662657,-0.0002335824394319323,-0.0024527562521587617,-0.00027197595433416707,-0.0010782882212000127,0.003662794655540284,-0.024449790527864414,-0.00047821728827255667,-0.003341505704906305,-0.0024637371930380657,-0.007522310954749799,-0.0042157509210766445,-0.0015482310117838163,0.005079020590017143,0.002516826828005504,0.004453111073955728,0.009791887789778022,-0.0013106330750787048,-0.005230363702665241,-0.011841342150794167,-0.005074946610692861,-0.000657112926120151,0.006918630180394331,-0.01086248997467758,-0.0022585652992113455,-0.0023284740051815176,-0.0016154222606155418,-0.0033238527182547152,-0.001353302974708345,-0.021796915710420126,-0.012176361722972028,-0.007807441324854958,-0.06951279223823749
target_1_2,-0.001959084836233675,1.0,0.0029796105396859792,0.00570437094158904,0.002810759008840143,0.004295589912379331,0.0021616713251182127,0.0014921089142669215,0.02673943102314106,0.01843690877609051,0.015393678274437873,0.047521883417941245,-0.0006167781013121435,0.004925482813856068,-0.016181228590742353,-0.002020778464528614,-0.002075719061632932,-0.0022087191053324793,0.024935386314875813,0.002608015715364464,0.005161856501658157,-0.0013869705893928138,0.004269213591078518,0.0063340185922690275,0.0017634044121381312,-0.0013860989212642904,0.00022980071316847827,-0.0055774403437813475,0.011615720533847988,-0.006569552541845912,-0.0008448889314255447,-0.004358013357919372,-0.0012656298002515906,0.00016581348691040016,0.005396356519681399,-0.0020661282348096,-0.0019502862617477692,-0.010090370963916595,-0.009611831910491413,-0.0035493128126084014,-0.03976113915618226
target_1_3,0.004101657118014131,0.0029796105396859792,1.0,0.06560087020344976,0.009640549983912084,-0.0010892122287475352,0.04336097400321861,0.004756827700389496,0.0609745202317715,0.037868567613622124,0.028453771243948156,0.07475079720074555,-0.0016421559708197388,0.006467183030811637,-0.045730842596059904,0.0009736953863628768,-0.006308405325140917,-0.005415486449489614,0.03858607604204142,0.005303278036587039,0.011666399683241615,0.0017274341321841145,0.010443170743070645,0.007306613720222116,0.0016731999314501891,0.0026046861887575553,-0.005998329895158576,-0.0108096514162711,0.020761265206812853,-0.020870554908398977,-0.0026284941942950413,-0.009924124193853195,-0.0027391985865323296,-0.00010363711449268683,0.004833745448446907,-0.004296749141081528,-0.0046991184106908055,-0.021278582578637278,-0.019009627026240684,-0.010946922980452058,-0.1058630193468448
target_1_4,0.04608740989587969,0.00570437094158904,0.06560087020344976,1.0,0.00261125431816479,0.0005726106560879704,0.21864762669416848,-0.0003290853988650575,0.04027300959041938,0.028926598184276973,0.040531468489651855,0.009973543272498489,-0.0016295233004009217,0.03147348977147352,-0.02204834145857623,3.786596191019302e-05,-0.0012582570175133105,-0.0034923841819448197,0.035550200813698404,0.006853661749606494,0.014140053621834556,0.02853196002453573,0.02667792030657544,0.003711538705298261,0.028155958763435636,0.0060368984259996225,-0.004997969938801783,-0.00974011288612751,0.014696305104777384,-0.0055236397379880885,0.006379652953082285,-0.0008544765224815889,0.0014840378260504597,-0.0021395315677563607,0.024596062047447766,-0.004224718080402025,-0.0042152297909496235,-0.014521280410269236,-0.016157956172892757,-0.012434367529733257,-0.10504864321162394
target_1_5,0.0014311123435374296,0.002810759008840143,0.009640549983912084,0.00261125431816479,1.0,8.371458304661463e-05,0.013277105057622255,-0.001600101281693047,0.004869990981671001,0.0009928610260845872,0.0004338001580775735,-0.0007467911461454115,-0.0004515268462339033,0.006410634773987696,-0.012000290372849888,0.0003286913502255802,-0.001192950208367432,-0.0007896524695859953,0.002353310430266347,0.00036056818363183974,0.002754857542857731,0.007259737279930186,0.006837029121378307,-0.0008216220259299257,0.006758052064371193,-0.0010147261602758632,-0.0032385177425870923,-0.002876407792958213,-0.0008876427790091076,-0.006089438817629477,0.007919753246925522,-0.0012245080599507267,-0.001040680846373222,-0.0007080833274124748,0.0023544968370869204,-0.001184922354791372,-0.001954203422267918,0.002346271453056683,-0.0036749863432353957,-0.003794362317289913,-0.02910807262395418
target_2_1,-0.0011384170577936467,0.004295589912379331,-0.0010892122287475352,0.0005726106560879704,8.371458304661463e-05,1.0,-0.005535011429529815,0.011364730450954813,-0.0026110137375823525,0.005090426468914113,0.0020573917584866502,-0.0014701258185375432,0.04443827463972354,-0.0005845050232615252,-0.00781657978163725,0.0017042724122212354,0.0013046510057623858,0.0006191077970814061,-0.0026931079949053622,0.0015408111398334454,-0.0008185720161173722,0.00255779368713557,0.0010626090864720634,-0.0014353877909952246,0.002924682886162664,-0.0006523503368818462,0.0036605026642476347,-0.0035951720866004397,0.0010833539384137226,-0.0021416132911023706,-0.006623108197314759,-0.0060014098299578725,0.0007073081129112664,0.022918256687867032,-0.0015608355882073533,-0.0004742641189139197,0.0011805363570436495,-0.01789959489525831,0.003652139390451576,0.0014916670316999874,-0.05730186989122648
target_2_2,-0.007495379522995394,0.0021616713251182127,0.04336097400321861,0.21864762669416848,0.013277105057622255,-0.005535011429529815,1.0,-0.003961258926489233,0.025753146544486776,0.008580394477024704,-0.0015069858033140995,0.00012026999561203823,-0.0016965086063716903,-0.015238729765484736,-0.036210427069621784,-0.0011229744572327652,-0.0065550199142293515,-0.005173319536480431,0.011947998825314431,-0.0037579493410191196,0.0035872523736511504,0.000737910597406163,0.0020368831182571863,-0.005622706562082175,-0.0008946076054032202,-0.0009405025830576501,-0.025550738859361224,-0.019550103699694742,-0.005571286426284891,-0.03066482672624952,-0.0043683444884816645,-0.007540516642563344,-0.0031141933374723377,-0.00832304483743284,0.002189143367589946,-0.0065312453817426095,-0.009455107952217883,-0.035546058198575765,-0.025559608448746565,-0.014387462179030565,-0.1093669094834939
target_2_3,-0.0031150170497763452,0.0014921089142669215,0.004756827700389496,-0.0003290853988650575,-0.001600101281693047,0.011364730450954813,-0.003961258926489233,1.0,0.0037685733873639568,0.02472933238665517,0.005089345030532685,0.013763393407376433,-0.00039221914585650257,0.0029574091527284248,0.005507253574089575,0.001835714083044149,0.0007854001728262363,0.004307185427468408,0.002607313727625352,0.005312878236102712,0.0016563323312299054,0.0026058433137205656,-0.0011253594420488357,0.001393785497511532,0.005607968540676626,0.0006341782144617719,0.0008784632323861715,-0.0012677606346518935,-0.0002310115436687038,0.01361474568292566,-0.0023948867272662587,-0.002593572825059895,0.004294566348557896,0.0015395583436615852,0.0014695718844164396,-1.5903436623059722e-05,-0.00037757369484200563,-0.008105248898858648,0.0015539936284534313,-0.0003035044983015833,-0.02528474990428892
target_2_4,0.0018172804624662657,0.02673943102314106,0.0609745202317715,0.04027300959041938,0.004869990981671001,-0.0026110137375823525,0.025753146544486776,0.0037685733873639568,1.0,0.0439521964923278,0.06688536903419502,0.0020179643329252474,-0.0009187792413981149,0.05292177349142634,0.0008823630679854939,0.0005644916216405119,-0.0031652060769546226,-0.0024723754687000755,0.02601471041832149,0.022697601068742478,0.036990843623821046,0.0052402032089501425,0.03773518863766515,0.045164725479091526,0.002510983599170118,0.001190385781468834,0.03452104657159886,0.03112779368913942,0.05273954190095536,-0.022361375824282513,0.0014161702080502916,0.009247352861607569,0.0034168003670375377,-0.0075457309126995865,0.11998563159861278,-0.0010535000114347951,-0.0004508213607149172,0.00212922766119956,-0.010978747569634866,-0.006393625395771205,-0.059229906498502155
target_2_5,-0.0002335824394319323,0.01843690877609051,0.037868567613622124,0.028926598184276973,0.0009928610260845872,0.005090426468914113,0.008580394477024704,0.02472933238665517,0.0439521964923278,1.0,0.15587639120451538,0.009817836769408405,-0.0004583641743698436,0.016802844641545394,0.009986921844199349,0.002060598645875144,-0.0005375176824400126,-0.0016414294005848195,0.026103366121615474,0.015208154900096109,0.016001000040470066,0.004080744636574007,0.008414519639545983,0.005953127174452312,0.006195714565390407,0.00026747311996115706,-0.00010291575490160213,-0.0028639829902008082,0.02733604934867385,-0.003300299228257861,0.0003069205356082765,0.001970654904640302,0.00195399574714277,0.0006880490987982811,0.020712163006888773,-0.0019208823184617455,0.0006241015551624785,-0.004270603211194251,-0.0044523284106625675,-0.004171951913893946,-0.02954884695574608
target_2_6,-0.0024527562521587617,0.015393678274437873,0.028453771243948156,0.040531468489651855,0.0004338001580775735,0.0020573917584866502,-0.0015069858033140995,0.005089345030532685,0.06688536903419502,0.15587639120451538,1.0,0.0011568844469416711,0.0012137142688978632,0.024594848393039274,0.02037080367925115,-0.0011237622225389794,-0.002486176108156186,-0.0019713695705435826,0.02805162107376846,0.018855008165478394,0.019741480960378633,0.009212220757916096,0.023173411560403458,0.02194289004691081,0.0013773729387162436,-0.0015729388417020616,0.015421071943259665,-0.0009149967369219423,0.012684337071179367,-0.01139897803167414,0.0009634344161755606,0.005546609580075548,0.00501335108363087,-0.002950128376462749,0.04509093647445771,-0.0024756951713004434,6.0810085131105774e-05,-0.0010760129954417396,-0.007110327232884974,-0.002670965434549725,-0.04512076245758817
target_2_7,-0.00027197595433416707,0.047521883417941245,0.07475079720074555,0.009973543272498489,-0.0007467911461454115,-0.0014701258185375432,0.00012026999561203823,0.013763393407376433,0.0020179643329252474,0.009817836769408405,0.0011568844469416711,1.0,-0.00018305452837612588,0.004805040516901183,-0.0018384983714302488,-0.0005997499716510331,0.0009671206364580758,-0.0006555291656461709,0.004400131295578264,-0.0016898688785590837,-0.0008812745027336329,0.017201901311178148,0.003869426211993149,-0.00032065745920941677,0.022764257298750416,-0.0004113824465798814,-0.0032259984007997917,-0.002935363627038847,4.280636741990054e-05,0.03809430340165139,-0.00016598785920036793,0.0009263857853619519,0.00022281607811811254,0.0027510409127837095,-0.001268243808754037,-0.0007671328313463043,-0.00046850639725323274,-0.001958585160629051,-0.0010149901674741527,-0.0002778871257504501,-0.01180077009940661
target_2_8,-0.0010782882212000127,-0.0006167781013121435,-0.0016421559708197388,-0.0016295233004009217,-0.0004515268462339033,0.04443827463972354,-0.0016965086063716903,-0.00039221914585650257,-0.0009187792413981149,-0.0004583641743698436,0.0012137142688978632,-0.00018305452837612588,1.0,0.00035538222077551517,-0.001746216217409236,-0.0003626224207748589,-0.0004652609885443815,-0.0003963477851958067,-0.0009524285146706052,0.0016131206419732257,0.0019761797072974452,-0.000993013755111721,-0.0009076243308071268,-0.0008039153346997823,-0.0009360707601135875,-0.00024873114746869587,-0.0021927217657044446,-0.00022932767117786568,-0.0006869295031129417,-0.0031373201178448752,-0.0019290839382204534,-0.0014694981886698593,-0.0006354120352868396,0.0013355943732175964,-0.0014514422560477477,-0.00046382588996691463,-0.0008563819636721589,-0.004419343501897801,-0.0020944152321327827,-0.0010802429964322168,-0.007135012959940628
target_3_1,0.003662794655540284,0.004925482813856068,0.006467183030811637,0.03147348977147352,0.006410634773987696,-0.0005845050232615252,-0.015238729765484736,0.0029574091527284248,0.05292177349142634,0.016802844641545394,0.024594848393039274,0.004805040516901183,0.00035538222077551517,1.0,0.05046212356548971,0.009941335824786283,0.005678257894739042,0.003264156353528517,0.03371462003889628,0.035532400992019035,0.034315922461136746,0.022753186815139832,0.028383372297077512,0.031449977652101065,0.034155573526061675,0.00602153241894223,0.04353327647706314,0.00939880189100942,0.036479559580552066,-0.021361415493159366,-0.004542939793615565,0.013627852565435488,0.007129613961193809,-0.018257012316182115,0.03954564024153409,-0.003981556117230214,-0.006846698982314241,-0.045212914948810724,-0.01627167604732943,-0.012415076661861733,-0.22402043657907908
target_3_2,-0.024449790527864414,-0.016181228590742353,-0.045730842596059904,-0.02204834145857623,-0.012000290372849888,-0.00781657978163725,-0.036210427069621784,0.005507253574089575,0.0008823630679854939,0.009986921844199349,0.02037080367925115,-0.0018384983714302488,-0.001746216217409236,0.05046212356548971,1.0,0.005395061641067232,0.02938067222310158,0.018222312812275192,0.07847538397198599,0.1301804582328898,0.033029354251734006,0.02354466685746258,-0.003714807305438569,0.03177757632859379,0.04819553786911692,0.008408483337517293,0.04151765040381559,-0.025210476360281946,0.004208352783888406,0.09325423234646303,-0.031620995395286206,2.900822906236454e-05,0.0054892765545806535,-0.03241360922221099,-0.00503540879792042,-0.008556535200399722,-0.015064373507412437,-0.09468477454003195,-0.02476703675487989,-0.010409935513999288,-0.22280102571185667
target_3_3,-0.00047821728827255667,-0.002020778464528614,0.0009736953863628768,3.786596191019302e-05,0.0003286913502255802,0.0017042724122212354,-0.0011229744572327652,0.001835714083044149,0.0005644916216405119,0.002060598645875144,-0.0011237622225389794,-0.0005997499716510331,-0.0003626224207748589,0.009941335824786283,0.005395061641067232,1.0,0.02392135419588635,-0.00026912501844831796,0.00507417223028008,0.026440087125777615,0.010520199485030222,0.002955988351494559,0.0010965625901217468,0.0014443362542341039,0.003952519042821532,0.0008240639555890164,-9.999690764343765e-05,0.0017405485523473985,0.00013203053806010309,0.0022701634450574995,0.0008839181476287455,-0.0008571346441670305,0.001779544172734378,0.0032156022528090147,-0.0007506192204076523,0.004641343637693538,6.773243770565126e-05,-0.004142969795669948,0.0004713388275205486,-0.001633490143496601,-0.023376771164390495
target_3_4,-0.003341505704906305,-0.002075719061632932,-0.006308405325140917,-0.0012582570175133105,-0.001192950208367432,0.0013046510057623858,-0.0065550199142293515,0.0007854001728262363,-0.0031652060769546226,-0.0005375176824400126,-0.002486176108156186,0.0009671206364580758,-0.0004652609885443815,0.005678257894739042,0.02938067222310158,0.02392135419588635,1.0,0.015196078987178535,0.002724464030842954,0.033695932656248574,0.0019458308103936272,0.0006689937652604803,-0.0016988665897988782,-0.0017889186256740599,0.007015226858995363,0.0015112165763081953,-0.0015599385177399562,-0.005987390259642092,-0.0024230330937895115,0.04003308108513427,-0.0024900120448170895,-0.003972483763787656,0.0018466872960288697,0.00010286828759207829,-0.0029777046698748004,-0.0005767743339940739,-0.0006115209830622134,-0.01230490290429626,-0.0011417586245849867,-0.0009734659760471299,-0.029993456106987663
target_3_5,-0.0024637371930380657,-0.0022087191053324793,-0.005415486449489614,-0.0034923841819448197,-0.0007896524695859953,0.0006191077970814061,-0.005173319536480431,0.004307185427468408,-0.0024723754687000755,-0.0016414294005848195,-0.0019713695705435826,-0.0006555291656461709,-0.0003963477851958067,0.003264156353528517,0.018222312812275192,-0.00026912501844831796,0.015196078987178535,1.0,0.002904331138426621,0.022126931218641063,-0.0012065739855422952,0.007051093258342845,0.0008883819854150477,0.0027192573980185657,0.025152645221944266,0.01710780485586342,-0.0019674493231102456,-0.006355619184304735,-0.0013697292535356654,0.10084941699928017,-0.003112324945375646,-0.002158178647082443,-0.0005086361679134074,0.0015610326524937593,-0.0025799270307215374,-5.0114285288467094e-05,-0.0004371215913343873,-0.010737442026795451,0.00064851884312492,0.001363587651670042,-0.02555090624632827
target_4_1,-0.007522310954749799,0.024935386314875813,0.03858607604204142,0.035550200813698404,0.002353310430266347,-0.0026931079949053622,0.011947998825314431,0.002607313727625352,0.02601471041832149,0.026103366121615474,0.02805162107376846,0.004400131295578264,-0.0009524285146706052,0.03371462003889628,0.07847538397198599,0.00507417223028008,0.002724464030842954,0.002904331138426621,1.0,0.037970237397727244,0.03920923960823744,0.010976514343637426,0.01369027536224738,0.032953731553508246,0.01616595024622549,0.005400256998824535,0.05882316700174297,0.003193983184977402,0.021493941900898796,0.002451843721637056,-0.0014506396331710062,0.025503347057363852,0.008349592535790653,-0.007545407315189904,0.014489759072352976,-0.0033164821113137446,-0.004431549356089805,-0.01526812147624122,0.00027913222522941175,-8.943855068168786e-05,-0.0613991362980765
target_5_1,-0.0042157509210766445,0.002608015715364464,0.005303278036587039,0.006853661749606494,0.00036056818363183974,0.0015408111398334454,-0.0037579493410191196,0.005312878236102712,0.022697601068742478,0.015208154900096109,0.018855008165478394,-0.0016898688785590837,0.0016131206419732257,0.035532400992019035,0.1301804582328898,0.026440087125777615,0.033695932656248574,0.022126931218641063,0.037970237397727244,1.0,0.5179384809834178,0.01690369927102803,0.01589568537957013,0.02814966153373933,0.026209424011824228,0.007674057778843405,0.030629437398629073,0.0105670416685511,0.031172442877261997,0.01597882487144302,-0.002340867943284605,0.003022926486379259,0.011635996847165871,-0.004321317625785106,0.01986816001750087,0.0010722164888898494,0.00032024117031824077,-0.013225254694068524,-0.00032981536330215503,0.0005296226784299439,-0.06586691111155715
target_5_2,-0.0015482310117838163,0.005161856501658157,0.011666399683241615,0.014140053621834556,0.002754857542857731,-0.0008185720161173722,0.0035872523736511504,0.0016563323312299054,0.036990843623821046,0.016001000040470066,0.019741480960378633,-0.0008812745027336329,0.0019761797072974452,0.034315922461136746,0.033029354251734006,0.010520199485030222,0.0019458308103936272,-0.0012065739855422952,0.03920923960823744,0.5179384809834178,1.0,0.00396475130715864,0.0230603977274981,0.03191268101706707,0.0062566442522813265,-8.051114051380791e-05,0.028464728518901007,0.014303777480764585,0.04175168025995137,-0.010937464679677364,0.002614911121950681,0.006410138605144144,0.013168329896473782,-0.00393577251496194,0.02966181320499141,-0.0004335739725452545,-0.000532694362489428,0.00018542838197554222,-0.0007156083144826416,-0.0005251002173178755,-0.03434990138757809
target_6_1,0.005079020590017143,-0.0013869705893928138,0.0017274341321841145,0.02853196002453573,0.007259737279930186,0.00255779368713557,0.000737910597406163,0.0026058433137205656,0.0052402032089501425,0.004080744636574007,0.009212220757916096,0.017201901311178148,-0.000993013755111721,0.022753186815139832,0.02354466685746258,0.002955988351494559,0.0006689937652604803,0.007051093258342845,0.010976514343637426,0.01690369927102803,0.00396475130715864,1.0,0.1902336804278609,0.05206693316190459,0.5140278718487017,0.032750087492757936,0.016783498930015656,-0.0046284714513769205,0.010934273270178818,0.09544264480624928,0.004784684727326799,0.0034590739412047587,0.0009301521844543496,0.0010339492738381977,0.005609768378686538,-0.0005987375827353059,-0.0002814534280354576,-0.014049753162512835,-0.0031821935614316384,-0.0028192223480543047,-0.06401549928086686
target_6_2,0.002516826828005504,0.004269213591078518,0.010443170743070645,0.02667792030657544,0.006837029121378307,0.0010626090864720634,0.0020368831182571863,-0.0011253594420488357,0.03773518863766515,0.008414519639545983,0.023173411560403458,0.003869426211993149,-0.0009076243308071268,0.028383372297077512,-0.003714807305438569,0.0010965625901217468,-0.0016988665897988782,0.0008883819854150477,0.01369027536224738,0.01589568537957013,0.0230603977274981,0.1902336804278609,1.0,0.04566832242980039,0.05405455639021646,0.00652619278674056,0.0919604326461323,0.019806955651578,0.042021610250521146,-0.007285999022062767,0.002523724107707809,-0.0010273239677519605,0.004362239854041897,-0.00265575764236292,0.03225835202722742,-0.0016805749740760071,0.010883353017308434,-0.004564379653089227,0.0025058378313985606,0.006311486477568939,-0.05851079544163943
target_6_3,0.004453111073955728,0.0063340185922690275,0.007306613720222116,0.003711538705298261,-0.0008216220259299257,-0.0014353877909952246,-0.005622706562082175,0.001393785497511532,0.045164725479091526,0.005953127174452312,0.02194289004691081,-0.00032065745920941677,-0.0008039153346997823,0.031449977652101065,0.03177757632859379,0.0014443362542341039,-0.0017889186256740599,0.0027192573980185657,0.032953731553508246,0.02814966153373933,0.03191268101706707,0.05206693316190459,0.04566832242980039,1.0,0.07431528019811755,0.011562589448996205,0.12854106991749314,0.024129056829832192,0.05007700140547607,0.00021597716144373274,-0.0056027385562271706,0.013921257795545742,0.005883748439257152,-0.004467137961271538,0.03612483825639857,-0.00017819049469627713,-0.0007945370376214492,-0.006587366149234846,0.0024100271705452436,0.004244419144299016,-0.051825104401054
target_6_4,0.009791887789778022,0.0017634044121381312,0.0016731999314501891,0.028155958763435636,0.006758052064371193,0.002924682886162664,-0.0008946076054032202,0.005607968540676626,0.002510983599170118,0.006195714565390407,0.0013773729387162436,0.022764257298750416,-0.0009360707601135875,0.034155573526061675,0.04819553786911692,0.003952519042821532,0.007015226858995363,0.025152645221944266,0.01616595024622549,0.026209424011824228,0.0062566442522813265,0.5140278718487017,0.05405455639021646,0.07431528019811755,1.0,0.26571831753244196,0.01446433307040651,-0.008380638371242097,0.008593066486047176,0.1885465780328421,0.006416932880100421,-0.0016247324430645222,0.0019045095710625436,0.006711662205395038,0.002673421926627782,0.00019615250405544826,-0.0007057300529180733,-0.01346434773636715,0.0006750182267222754,-0.0005147263103943362,-0.06034461935942706
target_6_5,-0.0013106330750787048,-0.0013860989212642904,0.0026046861887575553,0.0060368984259996225,-0.0010147261602758632,-0.0006523503368818462,-0.0009405025830576501,0.0006341782144617719,0.001190385781468834,0.00026747311996115706,-0.0015729388417020616,-0.0004113824465798814,-0.00024873114746869587,0.00602153241894223,0.008408483337517293,0.0008240639555890164,0.0015112165763081953,0.01710780485586342,0.005400256998824535,0.007674057778843405,-8.051114051380791e-05,0.032750087492757936,0.00652619278674056,0.011562589448996205,0.26571831753244196,1.0,-0.0023747925538158657,-0.0026125229127275896,-0.0015437517013393337,0.06084595999329347,0.0004358270087863329,-0.0033024354298277483,0.0023226362666499646,0.004133332458674939,0.0004891471831504123,0.00023997783923894103,-0.0005290111044498491,-0.0014187307476000483,0.001190540351847859,0.00090431475506572,-0.016034670728322247
target_7_1,-0.005230363702665241,0.00022980071316847827,-0.005998329895158576,-0.004997969938801783,-0.0032385177425870923,0.0036605026642476347,-0.025550738859361224,0.0008784632323861715,0.03452104657159886,-0.00010291575490160213,0.015421071943259665,-0.0032259984007997917,-0.0021927217657044446,0.04353327647706314,0.04151765040381559,-9.999690764343765e-05,-0.0015599385177399562,-0.0019674493231102456,0.05882316700174297,0.030629437398629073,0.028464728518901007,0.016783498930015656,0.0919604326461323,0.12854106991749314,0.01446433307040651,-0.0023747925538158657,1.0,0.052582775936419926,0.055406250985593195,-0.04266943420729607,-0.020424843006748048,0.01077213475046477,0.00692208422036631,-0.01815147549023612,0.034803491783617586,-0.0011187935511489827,0.00670512481510764,-0.033349311651726866,0.0150402307186615,0.023848990577305045,-0.17511231520494658
target_7_2,-0.011841342150794167,-0.0055774403437813475,-0.0108096514162711,-0.00974011288612751,-0.002876407792958213,-0.0035951720866004397,-0.019550103699694742,-0.0012677606346518935,0.03112779368913942,-0.0028639829902008082,-0.0009149967369219423,-0.002935363627038847,-0.00022932767117786568,0.00939880189100942,-0.025210476360281946,0.0017405485523473985,-0.005987390259642092,-0.006355619184304735,0.003193983184977402,0.0105670416685511,0.014303777480764585,-0.0046284714513769205,0.019806955651578,0.024129056829832192,-0.008380638371242097,-0.0026125229127275896,0.052582775936419926,1.0,0.031616638127478926,-0.05411531307959665,-0.01590477176936884,-0.006951951313221568,0.002507793704865164,-0.018150716182474175,0.02199486752450404,0.0006903731052672575,-0.003680645938456576,-0.039590337477141684,-0.017451626527987343,-0.004042560379337686,-0.11441321723560513
target_7_3,-0.005074946610692861,0.011615720533847988,0.020761265206812853,0.014696305104777384,-0.0008876427790091076,0.0010833539384137226,-0.005571286426284891,-0.0002310115436687038,0.05273954190095536,0.02733604934867385,0.012684337071179367,4.280636741990054e-05,-0.0006869295031129417,0.036479559580552066,0.004208352783888406,0.00013203053806010309,-0.0024230330937895115,-0.0013697292535356654,0.021493941900898796,0.031172442877261997,0.04175168025995137,0.010934273270178818,0.042021610250521146,0.05007700140547607,0.008593066486047176,-0.0015437517013393337,0.055406250985593195,0.031616638127478926,1.0,-0.008948494515663083,-0.005036995946745838,0.009290107087339069,0.010368772811167222,-0.0025228047445677183,0.047793056771928896,-0.0024126942144664866,-0.00024325056883864828,0.006095361643607172,-0.005450290587286785,-0.005493592727353307,-0.044283510561828734
target_8_1,-0.000657112926120151,-0.006569552541845912,-0.020870554908398977,-0.0055236397379880885,-0.006089438817629477,-0.0021416132911023706,-0.03066482672624952,0.01361474568292566,-0.022361375824282513,-0.003300299228257861,-0.01139897803167414,0.03809430340165139,-0.0031373201178448752,-0.021361415493159366,0.09325423234646303,0.0022701634450574995,0.04003308108513427,0.10084941699928017,0.002451843721637056,0.01597882487144302,-0.010937464679677364,0.09544264480624928,-0.007285999022062767,0.00021597716144373274,0.1885465780328421,0.06084595999329347,-0.04266943420729607,-0.05411531307959665,-0.008948494515663083,1.0,-0.015899062200966714,-0.0314166914775015,-0.0020749443581135193,0.01395888613627401,-0.02554992101209525,-0.009204429635315333,-0.008971067170497372,-0.10043380703025742,-0.020437398717019255,-0.004327813030289126,-0.22919101165445624
target_8_2,0.006918630180394331,-0.0008448889314255447,-0.0026284941942950413,0.006379652953082285,0.007919753246925522,-0.006623108197314759,-0.0043683444884816645,-0.0023948867272662587,0.0014161702080502916,0.0003069205356082765,0.0009634344161755606,-0.00016598785920036793,-0.0019290839382204534,-0.004542939793615565,-0.031620995395286206,0.0008839181476287455,-0.0024900120448170895,-0.003112324945375646,-0.0014506396331710062,-0.002340867943284605,0.002614911121950681,0.004784684727326799,0.002523724107707809,-0.0056027385562271706,0.006416932880100421,0.0004358270087863329,-0.020424843006748048,-0.01590477176936884,-0.005036995946745838,-0.015899062200966714,1.0,-0.0075645187044507374,0.000540170066743056,-0.00955522861584133,0.001459831699398983,-0.0060346058856666435,-0.0030296839874182557,-0.012534549612477526,-0.017893418301961554,-0.015425590053757392,-0.12436008144316489
target_8_3,-0.01086248997467758,-0.004358013357919372,-0.009924124193853195,-0.0008544765224815889,-0.0012245080599507267,-0.0060014098299578725,-0.007540516642563344,-0.002593572825059895,0.009247352861607569,0.001970654904640302,0.005546609580075548,0.0009263857853619519,-0.0014694981886698593,0.013627852565435488,2.900822906236454e-05,-0.0008571346441670305,-0.003972483763787656,-0.002158178647082443,0.025503347057363852,0.003022926486379259,0.006410138605144144,0.0034590739412047587,-0.0010273239677519605,0.013921257795545742,-0.0016247324430645222,-0.0033024354298277483,0.01077213475046477,-0.006951951313221568,0.009290107087339069,-0.0314166914775015,-0.0075645187044507374,1.0,0.016144347027408117,-0.015067643076901205,0.011781696403079748,-0.0050524552286091646,-0.009444777563097577,-0.0037344654091639186,0.004893872911157685,-0.007733933119778531,-0.09473248457615448
target_9_1,-0.0022585652992113455,-0.0012656298002515906,-0.0027391985865323296,0.0014840378260504597,-0.001040680846373222,0.0007073081129112664,-0.0031141933374723377,0.004294566348557896,0.0034168003670375377,0.00195399574714277,0.00501335108363087,0.00022281607811811254,-0.0006354120352868396,0.007129613961193809,0.0054892765545806535,0.001779544172734378,0.0018466872960288697,-0.0005086361679134074,0.008349592535790653,0.011635996847165871,0.013168329896473782,0.0009301521844543496,0.004362239854041897,0.005883748439257152,0.0019045095710625436,0.0023226362666499646,0.00692208422036631,0.002507793704865164,0.010368772811167222,-0.0020749443581135193,0.000540170066743056,0.016144347027408117,1.0,0.001612505968967485,0.028815982569799517,-0.0021593213870528282,0.0013851837791968571,-0.004475593518485177,0.05040823621128586,0.0020843152875035112,-0.04096239198960723
target_9_2,-0.0023284740051815176,0.00016581348691040016,-0.00010363711449268683,-0.0021395315677563607,-0.0007080833274124748,0.022918256687867032,-0.00832304483743284,0.0015395583436615852,-0.0075457309126995865,0.0006880490987982811,-0.002950128376462749,0.0027510409127837095,0.0013355943732175964,-0.018257012316182115,-0.03241360922221099,0.0032156022528090147,0.00010286828759207829,0.0015610326524937593,-0.007545407315189904,-0.004321317625785106,-0.00393577251496194,0.0010339492738381977,-0.00265575764236292,-0.004467137961271538,0.006711662205395038,0.004133332458674939,-0.01815147549023612,-0.018150716182474175,-0.0025228047445677183,0.01395888613627401,-0.00955522861584133,-0.015067643076901205,0.001612505968967485,1.0,-0.004394217754924378,-0.0045327225286062485,0.0034356341779624043,-0.02975584359044027,0.005416850801057959,0.006216660318326292,-0.1319076053078287
target_9_3,-0.0016154222606155418,0.005396356519681399,0.004833745448446907,0.024596062047447766,0.0023544968370869204,-0.0015608355882073533,0.002189143367589946,0.0014695718844164396,0.11998563159861278,0.020712163006888773,0.04509093647445771,-0.001268243808754037,-0.0014514422560477477,0.03954564024153409,-0.00503540879792042,-0.0007506192204076523,-0.0029777046698748004,-0.0025799270307215374,0.014489759072352976,0.01986816001750087,0.02966181320499141,0.005609768378686538,0.03225835202722742,0.03612483825639857,0.002673421926627782,0.0004891471831504123,0.034803491783617586,0.02199486752450404,0.047793056771928896,-0.02554992101209525,0.001459831699398983,0.011781696403079748,0.028815982569799517,-0.004394217754924378,1.0,-0.0007111497839694983,-0.00063530025830507,0.046460650545035814,-0.0017398605920044058,-0.005540164190036586,-0.09356849310489866
target_9_4,-0.0033238527182547152,-0.0020661282348096,-0.004296749141081528,-0.004224718080402025,-0.001184922354791372,-0.0004742641189139197,-0.0065312453817426095,-1.5903436623059722e-05,-0.0010535000114347951,-0.0019208823184617455,-0.0024756951713004434,-0.0007671328313463043,-0.00046382588996691463,-0.003981556117230214,-0.008556535200399722,0.004641343637693538,-0.0005767743339940739,-5.0114285288467094e-05,-0.0033164821113137446,0.0010722164888898494,-0.0004335739725452545,-0.0005987375827353059,-0.0016805749740760071,-0.00017819049469627713,0.00019615250405544826,0.00023997783923894103,-0.0011187935511489827,0.0006903731052672575,-0.0024126942144664866,-0.009204429635315333,-0.0060346058856666435,-0.0050524552286091646,-0.0021593213870528282,-0.0045327225286062485,-0.0007111497839694983,1.0,0.000907624757175295,-0.006301048794012184,-0.004017220313780038,0.000840809432429395,-0.029900941223399972
target_9_5,-0.001353302974708345,-0.0019502862617477692,-0.0046991184106908055,-0.0042152297909496235,-0.001954203422267918,0.0011805363570436495,-0.009455107952217883,-0.00037757369484200563,-0.0004508213607149172,0.0006241015551624785,6.0810085131105774e-05,-0.00046850639725323274,-0.0008563819636721589,-0.006846698982314241,-0.015064373507412437,6.773243770565126e-05,-0.0006115209830622134,-0.0004371215913343873,-0.004431549356089805,0.00032024117031824077,-0.000532694362489428,-0.0002814534280354576,0.010883353017308434,-0.0007945370376214492,-0.0007057300529180733,-0.0005290111044498491,0.00670512481510764,-0.003680645938456576,-0.00024325056883864828,-0.008971067170497372,-0.0030296839874182557,-0.009444777563097577,0.0013851837791968571,0.0034356341779624043,-0.00063530025830507,0.000907624757175295,1.0,-0.00963635227091206,0.02597661613636757,0.005109980735794175,-0.0552074114758202
target_9_6,-0.021796915710420126,-0.010090370963916595,-0.021278582578637278,-0.014521280410269236,0.002346271453056683,-0.01789959489525831,-0.035546058198575765,-0.008105248898858648,0.00212922766119956,-0.004270603211194251,-0.0010760129954417396,-0.001958585160629051,-0.004419343501897801,-0.045212914948810724,-0.09468477454003195,-0.004142969795669948,-0.01230490290429626,-0.010737442026795451,-0.01526812147624122,-0.013225254694068524,0.00018542838197554222,-0.014049753162512835,-0.004564379653089227,-0.006587366149234846,-0.01346434773636715,-0.0014187307476000483,-0.033349311651726866,-0.039590337477141684,0.006095361643607172,-0.10043380703025742,-0.012534549612477526,-0.0037344654091639186,-0.004475593518485177,-0.02975584359044027,0.046460650545035814,-0.006301048794012184,-0.00963635227091206,1.0,-0.01622950228320136,-0.018267283400618447,-0.3634079830694252
target_9_7,-0.012176361722972028,-0.009611831910491413,-0.019009627026240684,-0.016157956172892757,-0.0036749863432353957,0.003652139390451576,-0.025559608448746565,0.0015539936284534313,-0.010978747569634866,-0.0044523284106625675,-0.007110327232884974,-0.0010149901674741527,-0.0020944152321327827,-0.01627167604732943,-0.02476703675487989,0.0004713388275205486,-0.0011417586245849867,0.00064851884312492,0.00027913222522941175,-0.00032981536330215503,-0.0007156083144826416,-0.0031821935614316384,0.0025058378313985606,0.0024100271705452436,0.0006750182267222754,0.001190540351847859,0.0150402307186615,-0.017451626527987343,-0.005450290587286785,-0.020437398717019255,-0.017893418301961554,0.004893872911157685,0.05040823621128586,0.005416850801057959,-0.0017398605920044058,-0.004017220313780038,0.02597661613636757,-0.01622950228320136,1.0,0.046325035036115195,-0.19622911445618155
target_9_8,-0.007807441324854958,-0.0035493128126084014,-0.010946922980452058,-0.012434367529733257,-0.003794362317289913,0.0014916670316999874,-0.014387462179030565,-0.0003035044983015833,-0.006393625395771205,-0.004171951913893946,-0.002670965434549725,-0.0002778871257504501,-0.0010802429964322168,-0.012415076661861733,-0.010409935513999288,-0.001633490143496601,-0.0009734659760471299,0.001363587651670042,-8.943855068168786e-05,0.0005296226784299439,-0.0005251002173178755,-0.0028192223480543047,0.006311486477568939,0.004244419144299016,-0.0005147263103943362,0.00090431475506572,0.023848990577305045,-0.004042560379337686,-0.005493592727353307,-0.004327813030289126,-0.015425590053757392,-0.007733933119778531,0.0020843152875035112,0.006216660318326292,-0.005540164190036586,0.000840809432429395,0.005109980735794175,-0.018267283400618447,0.046325035036115195,1.0,-0.06963880853139355
target_10_1,-0.06951279223823749,-0.03976113915618226,-0.1058630193468448,-0.10504864321162394,-0.02910807262395418,-0.05730186989122648,-0.1093669094834939,-0.02528474990428892,-0.059229906498502155,-0.02954884695574608,-0.04512076245758817,-0.01180077009940661,-0.007135012959940628,-0.22402043657907908,-0.22280102571185667,-0.023376771164390495,-0.029993456106987663,-0.02555090624632827,-0.0613991362980765,-0.06586691111155715,-0.03434990138757809,-0.06401549928086686,-0.05851079544163943,-0.051825104401054,-0.06034461935942706,-0.016034670728322247,-0.17511231520494658,-0.11441321723560513,-0.044283510561828734,-0.22919101165445624,-0.12436008144316489,-0.09473248457615448,-0.04096239198960723,-0.1319076053078287,-0.09356849310489866,-0.029900941223399972,-0.0552074114758202,-0.3634079830694252,-0.19622911445618155,-0.06963880853139355,1.0
